import numpy as np

F = np.array([[1]])  # Assuming no change in state


Q = np.array(
    [[0.1001]]
)  # Adjust the value as per your system dynamics and noise characteristics

R = np.array([[ 3.07113344e-01,  1.56789978e-01,  6.43357451e-02,
        -9.35505034e-02, -1.14738795e-01, -1.37414135e-01,
        -1.18167266e-01,  1.77665806e-01,  1.50408968e-01,
        -7.83290475e-02,  1.23046463e-01,  4.18380385e-02,
         1.68658077e-02,  1.06429995e-01,  1.34011251e-01,
         1.20400490e-01, -3.76101980e-02, -9.96232283e-02,
        -1.22709239e-01, -1.82622093e-02,  1.21179917e-01,
        -1.21266813e-01, -3.29728361e-02,  5.84608652e-01,
         5.98478113e-03, -9.72405293e-02,  9.66590420e-02,
        -8.66217693e-03],
       [ 1.56789978e-01,  4.31630066e-01,  1.60227117e-01,
         1.67843310e-02, -6.01433489e-05, -1.25535634e-01,
        -3.97501532e-02,  1.08198472e-01,  1.09681839e-01,
        -1.11818542e-02,  6.25672078e-02,  3.46575310e-02,
         3.98718667e-02,  1.15543288e-01,  1.30787282e-01,
         1.92110944e-01, -2.10416935e-02, -5.02603310e-02,
        -1.96455720e-02, -2.89327656e-03,  1.19947386e-01,
        -8.72408112e-02, -9.41982354e-03,  1.45194056e+00,
         2.02180432e-02, -1.21853864e-01,  1.05066389e-01,
        -6.46800716e-03],
       [ 6.43357451e-02,  1.60227117e-01,  4.94534032e-01,
        -6.62157893e-02, -1.33888418e-02, -7.26867814e-02,
        -1.33958627e-02,  7.72927692e-02,  6.81045875e-02,
        -7.16298399e-02,  4.89930386e-02,  9.13792783e-03,
         1.32294099e-03, -2.01423900e-02,  1.88996304e-02,
         2.50478476e-02,  6.86311561e-03,  2.82355406e-02,
        -9.20626246e-02, -1.26740937e-01,  2.20414918e-02,
        -4.60619644e-02, -3.70485109e-02, -2.25201264e-01,
         9.64522105e-03, -4.81796669e-02, -5.50997891e-04,
         1.48274905e-02],
       [-9.35505034e-02,  1.67843310e-02, -6.62157893e-02,
         5.35853115e-01,  3.73802772e-01,  1.37552610e-01,
         2.71303682e-01, -1.49956674e-01, -1.28077221e-01,
         3.01866627e-01, -2.65293049e-01, -9.36487459e-02,
        -1.06534928e-01, -3.18990582e-04,  1.37938687e-02,
         5.69301237e-02,  1.78420240e-01,  1.80359895e-01,
         2.31057588e-01,  1.41588253e-02, -9.01560649e-02,
         1.29945608e-01,  2.74049702e-02,  1.44671168e+00,
         3.51547026e-02, -1.58477820e-02,  9.74029822e-02,
         2.33404627e-02],
       [-1.14738795e-01, -6.01433489e-05, -1.33888418e-02,
         3.73802772e-01,  5.94158685e-01,  1.96505626e-01,
         2.79745784e-01, -1.42168746e-01, -1.24899512e-01,
         3.15423507e-01, -2.90860379e-01, -8.97471468e-02,
        -1.03154923e-01, -2.62710414e-02,  3.76993304e-02,
        -1.43295001e-02,  1.96850353e-01,  1.94747003e-01,
         2.22572540e-01, -4.40616525e-02, -1.18465968e-01,
         9.13280367e-02, -2.09419306e-02,  5.59932474e-01,
         5.71409512e-03,  1.53723768e-02,  6.58146258e-02,
         6.98112338e-03],
       [-1.37414135e-01, -1.25535634e-01, -7.26867814e-02,
         1.37552610e-01,  1.96505626e-01,  6.03670975e-01,
         3.10607107e-01, -1.80233907e-01, -1.83259928e-01,
         1.12639467e-01, -2.82844560e-01, -1.14582438e-01,
        -9.07490562e-02, -2.00645459e-01, -1.91612917e-01,
        -1.24783931e-01,  1.45425854e-01,  2.45194820e-01,
         2.70940631e-01, -5.59459334e-02, -2.52108517e-01,
         2.07874137e-01,  9.34060462e-03, -5.39371876e-01,
        -6.51418991e-02,  1.28521820e-01, -1.11616646e-01,
         6.48108078e-02],
       [-1.18167266e-01, -3.97501532e-02, -1.33958627e-02,
         2.71303682e-01,  2.79745784e-01,  3.10607107e-01,
         7.43274737e-01, -1.50892439e-01, -1.54740422e-01,
         2.30634047e-01, -3.21746302e-01, -2.21710855e-01,
        -1.89270555e-01,  3.03552930e-03,  2.20546384e-02,
         7.72221291e-02,  3.50562387e-01,  4.10745926e-01,
         4.30838596e-01, -4.45157007e-02, -1.59799887e-01,
         1.86776786e-01,  8.14839158e-02,  8.93013622e-01,
        -1.67862805e-03,  4.84465241e-02,  3.27674773e-02,
         4.12391969e-02],
       [ 1.77665806e-01,  1.08198472e-01,  7.72927692e-02,
        -1.49956674e-01, -1.42168746e-01, -1.80233907e-01,
        -1.50892439e-01,  3.88770019e-01,  2.42849408e-01,
        -1.40907617e-01,  1.32579542e-01,  8.65703633e-02,
         6.81526002e-02,  1.17396733e-01,  1.58487855e-01,
         1.12612161e-01, -5.44032734e-02, -1.18523144e-01,
        -1.62315966e-01, -6.99626646e-02,  2.02948154e-01,
        -1.00982816e-01, -6.81303528e-02, -4.93699676e-02,
         7.17581040e-03, -1.04166230e-01,  8.46118567e-02,
         1.01128835e-03],
       [ 1.50408968e-01,  1.09681839e-01,  6.81045875e-02,
        -1.28077221e-01, -1.24899512e-01, -1.83259928e-01,
        -1.54740422e-01,  2.42849408e-01,  3.67729549e-01,
        -1.36406737e-01,  1.63596028e-01,  8.11219504e-02,
         7.96934206e-02,  1.57367419e-01,  1.69119797e-01,
         1.11572647e-01, -1.16146919e-01, -1.69316371e-01,
        -2.03928325e-01, -6.08463162e-03,  2.29831329e-01,
        -1.23183086e-01, -7.24321620e-02,  8.81353686e-02,
         1.63278658e-02, -9.43792501e-02,  9.36958425e-02,
        -2.91790306e-02],
       [-7.83290475e-02, -1.11818542e-02, -7.16298399e-02,
         3.01866627e-01,  3.15423507e-01,  1.12639467e-01,
         2.30634047e-01, -1.40907617e-01, -1.36406737e-01,
         4.99396786e-01, -3.09097216e-01, -1.18344203e-01,
        -1.32248024e-01, -3.28150609e-02,  1.35043205e-02,
         8.11403811e-03,  1.71180024e-01,  1.38812345e-01,
         2.01111253e-01,  3.11588258e-02, -1.25829329e-01,
         3.22169583e-02,  6.61261075e-02,  1.17234219e+00,
         2.62162271e-02, -2.85187565e-02,  3.76036424e-02,
        -7.15778176e-03],
       [ 1.23046463e-01,  6.25672078e-02,  4.89930386e-02,
        -2.65293049e-01, -2.90860379e-01, -2.82844560e-01,
        -3.21746302e-01,  1.32579542e-01,  1.63596028e-01,
        -3.09097216e-01,  5.27796625e-01,  1.15217424e-01,
         1.06187193e-01,  1.24373931e-01,  7.51078077e-02,
         2.69587634e-02, -2.92182650e-01, -3.02527338e-01,
        -3.43495643e-01,  6.60980129e-03,  2.17542613e-01,
        -1.90626757e-01, -7.51556788e-02, -1.63706734e-02,
         2.97382807e-02, -1.08348958e-01,  9.24965862e-02,
        -7.87677267e-02],
       [ 4.18380385e-02,  3.46575310e-02,  9.13792783e-03,
        -9.36487459e-02, -8.97471468e-02, -1.14582438e-01,
        -2.21710855e-01,  8.65703633e-02,  8.11219504e-02,
        -1.18344203e-01,  1.15217424e-01,  2.93106325e-01,
         1.48419019e-01,  3.20966884e-02, -1.09193612e-03,
         1.63409655e-02, -1.66203935e-01, -1.97823462e-01,
        -2.19998531e-01,  1.02061875e-02,  1.21767114e-01,
        -6.28085158e-02, -1.29967104e-01,  1.07074064e-01,
        -5.56071823e-04, -6.98968496e-02,  3.06859404e-02,
        -5.49096518e-02],
       [ 1.68658077e-02,  3.98718667e-02,  1.32294099e-03,
        -1.06534928e-01, -1.03154923e-01, -9.07490562e-02,
        -1.89270555e-01,  6.81526002e-02,  7.96934206e-02,
        -1.32248024e-01,  1.06187193e-01,  1.48419019e-01,
         2.27883466e-01,  3.55912634e-02,  5.10721695e-03,
         6.11549295e-03, -2.12288563e-01, -2.04549837e-01,
        -2.15243432e-01,  2.14886768e-02,  1.11707447e-01,
        -7.39857314e-02, -1.23986809e-01, -5.53434583e-01,
        -9.98176932e-03, -3.28070831e-02, -3.92851769e-03,
        -4.73213159e-02],
       [ 1.06429995e-01,  1.15543288e-01, -2.01423900e-02,
        -3.18990582e-04, -2.62710414e-02, -2.00645459e-01,
         3.03552930e-03,  1.17396733e-01,  1.57367419e-01,
        -3.28150609e-02,  1.24373931e-01,  3.20966884e-02,
         3.55912634e-02,  7.33780946e-01,  5.12005275e-01,
         3.74576617e-01, -7.70072144e-02, -1.32721714e-01,
        -1.19641036e-01,  1.08862475e-01,  2.10361896e-01,
        -8.38761050e-02, -1.80523858e-02,  1.87411345e+00,
         8.68230091e-02, -1.88084522e-01,  2.68966550e-01,
        -1.18119719e-01],
       [ 1.34011251e-01,  1.30787282e-01,  1.88996304e-02,
         1.37938687e-02,  3.76993304e-02, -1.91612917e-01,
         2.20546384e-02,  1.58487855e-01,  1.69119797e-01,
         1.35043205e-02,  7.51078077e-02, -1.09193612e-03,
         5.10721695e-03,  5.12005275e-01,  8.47497660e-01,
         4.81683039e-01,  8.40005236e-02, -1.04568625e-02,
        -7.43719434e-02,  1.07864669e-01,  1.67382791e-01,
        -7.83474012e-02,  6.69740840e-02,  2.26080801e+00,
         6.85298871e-02, -1.51622061e-01,  2.53773872e-01,
        -8.33239717e-02],
       [ 1.20400490e-01,  1.92110944e-01,  2.50478476e-02,
         5.69301237e-02, -1.43295001e-02, -1.24783931e-01,
         7.72221291e-02,  1.12612161e-01,  1.11572647e-01,
         8.11403811e-03,  2.69587634e-02,  1.63409655e-02,
         6.11549295e-03,  3.74576617e-01,  4.81683039e-01,
         8.51931971e-01,  2.05728501e-01,  9.16103552e-02,
        -3.55139412e-03,  4.54640767e-02,  1.34232221e-01,
        -4.93130139e-02, -3.20230688e-02,  1.90400349e+00,
         1.52699000e-02, -1.01614344e-01,  1.97928611e-01,
         1.14731628e-02],
       [-3.76101980e-02, -2.10416935e-02,  6.86311561e-03,
         1.78420240e-01,  1.96850353e-01,  1.45425854e-01,
         3.50562387e-01, -5.44032734e-02, -1.16146919e-01,
         1.71180024e-01, -2.92182650e-01, -1.66203935e-01,
        -2.12288563e-01, -7.70072144e-02,  8.40005236e-02,
         2.05728501e-01,  1.06760606e+00,  8.09725791e-01,
         6.06971835e-01, -8.45746844e-02, -2.19326973e-01,
         1.54928409e-01,  1.00157583e-01,  1.16861511e+00,
        -4.80180573e-02,  4.92137369e-02, -1.47623022e-02,
         1.85369608e-01],
       [-9.96232283e-02, -5.02603310e-02,  2.82355406e-02,
         1.80359895e-01,  1.94747003e-01,  2.45194820e-01,
         4.10745926e-01, -1.18523144e-01, -1.69316371e-01,
         1.38812345e-01, -3.02527338e-01, -1.97823462e-01,
        -2.04549837e-01, -1.32721714e-01, -1.04568625e-02,
         9.16103552e-02,  8.09725791e-01,  1.01760814e+00,
         7.14880867e-01, -7.63761387e-02, -2.38454643e-01,
         1.79465992e-01,  8.10136762e-02,  6.49069377e-01,
        -4.81726638e-02,  7.20355992e-02, -3.79326095e-02,
         1.79903547e-01],
       [-1.22709239e-01, -1.96455720e-02, -9.20626246e-02,
         2.31057588e-01,  2.22572540e-01,  2.70940631e-01,
         4.30838596e-01, -1.62315966e-01, -2.03928325e-01,
         2.01111253e-01, -3.43495643e-01, -2.19998531e-01,
        -2.15243432e-01, -1.19641036e-01, -7.43719434e-02,
        -3.55139412e-03,  6.06971835e-01,  7.14880867e-01,
         9.92379812e-01, -4.67766772e-02, -2.40635782e-01,
         2.00769605e-01,  1.21601934e-01,  1.05446391e+00,
        -2.84252230e-02,  5.43700872e-02, -6.09215502e-02,
         1.62232406e-01],
       [-1.82622093e-02, -2.89327656e-03, -1.26740937e-01,
         1.41588253e-02, -4.40616525e-02, -5.59459334e-02,
        -4.45157007e-02, -6.99626646e-02, -6.08463162e-03,
         3.11588258e-02,  6.60980129e-03,  1.02061875e-02,
         2.14886768e-02,  1.08862475e-01,  1.07864669e-01,
         4.54640767e-02, -8.45746844e-02, -7.63761387e-02,
        -4.67766772e-02,  7.96439884e-01,  5.71415620e-02,
        -7.05483983e-02,  4.92219424e-02,  1.38899006e+00,
         9.30566972e-02, -1.03429316e-01,  6.56056175e-02,
        -7.82695794e-02],
       [ 1.21179917e-01,  1.19947386e-01,  2.20414918e-02,
        -9.01560649e-02, -1.18465968e-01, -2.52108517e-01,
        -1.59799887e-01,  2.02948154e-01,  2.29831329e-01,
        -1.25829329e-01,  2.17542613e-01,  1.21767114e-01,
         1.11707447e-01,  2.10361896e-01,  1.67382791e-01,
         1.34232221e-01, -2.19326973e-01, -2.38454643e-01,
        -2.40635782e-01,  5.71415620e-02,  5.29540963e-01,
        -1.88765594e-01, -6.74178898e-02,  7.78623192e-01,
         8.51472948e-02, -1.92239117e-01,  1.47115790e-01,
        -5.02464750e-02],
       [-1.21266813e-01, -8.72408112e-02, -4.60619644e-02,
         1.29945608e-01,  9.13280367e-02,  2.07874137e-01,
         1.86776786e-01, -1.00982816e-01, -1.23183086e-01,
         3.22169583e-02, -1.90626757e-01, -6.28085158e-02,
        -7.39857314e-02, -8.38761050e-02, -7.83474012e-02,
        -4.93130139e-02,  1.54928409e-01,  1.79465992e-01,
         2.00769605e-01, -7.05483983e-02, -1.88765594e-01,
         5.24437937e-01, -8.24922504e-02, -5.56843559e-01,
        -5.95804928e-02,  8.08964393e-02, -4.73817993e-02,
         6.41054389e-02],
       [-3.29728361e-02, -9.41982354e-03, -3.70485109e-02,
         2.74049702e-02, -2.09419306e-02,  9.34060462e-03,
         8.14839158e-02, -6.81303528e-02, -7.24321620e-02,
         6.61261075e-02, -7.51556788e-02, -1.29967104e-01,
        -1.23986809e-01, -1.80523858e-02,  6.69740840e-02,
        -3.20230688e-02,  1.00157583e-01,  8.10136762e-02,
         1.21601934e-01,  4.92219424e-02, -6.74178898e-02,
        -8.24922504e-02,  5.99385275e-01,  1.69307998e+00,
         5.97097408e-04, -7.75026138e-03, -6.77963431e-03,
        -4.07877721e-02],
       [ 5.84608652e-01,  1.45194056e+00, -2.25201264e-01,
         1.44671168e+00,  5.59932474e-01, -5.39371876e-01,
         8.93013622e-01, -4.93699676e-02,  8.81353686e-02,
         1.17234219e+00, -1.63706734e-02,  1.07074064e-01,
        -5.53434583e-01,  1.87411345e+00,  2.26080801e+00,
         1.90400349e+00,  1.16861511e+00,  6.49069377e-01,
         1.05446391e+00,  1.38899006e+00,  7.78623192e-01,
        -5.56843559e-01,  1.69307998e+00,  5.14609736e+01,
         1.07614154e+00, -1.33849243e+00,  1.64198616e+00,
        -4.66357921e-01],
       [ 5.98478113e-03,  2.02180432e-02,  9.64522105e-03,
         3.51547026e-02,  5.71409512e-03, -6.51418991e-02,
        -1.67862805e-03,  7.17581040e-03,  1.63278658e-02,
         2.62162271e-02,  2.97382807e-02, -5.56071823e-04,
        -9.98176932e-03,  8.68230091e-02,  6.85298871e-02,
         1.52699000e-02, -4.80180573e-02, -4.81726638e-02,
        -2.84252230e-02,  9.30566972e-02,  8.51472948e-02,
        -5.95804928e-02,  5.97097408e-04,  1.07614154e+00,
         2.03584572e-01, -1.19959219e-01,  6.86514748e-02,
        -3.92930312e-02],
       [-9.72405293e-02, -1.21853864e-01, -4.81796669e-02,
        -1.58477820e-02,  1.53723768e-02,  1.28521820e-01,
         4.84465241e-02, -1.04166230e-01, -9.43792501e-02,
        -2.85187565e-02, -1.08348958e-01, -6.98968496e-02,
        -3.28070831e-02, -1.88084522e-01, -1.51622061e-01,
        -1.01614344e-01,  4.92137369e-02,  7.20355992e-02,
         5.43700872e-02, -1.03429316e-01, -1.92239117e-01,
         8.08964393e-02, -7.75026138e-03, -1.33849243e+00,
        -1.19959219e-01,  2.18901877e-01, -1.56296561e-01,
         4.05901089e-02],
       [ 9.66590420e-02,  1.05066389e-01, -5.50997891e-04,
         9.74029822e-02,  6.58146258e-02, -1.11616646e-01,
         3.27674773e-02,  8.46118567e-02,  9.36958425e-02,
         3.76036424e-02,  9.24965862e-02,  3.06859404e-02,
        -3.92851769e-03,  2.68966550e-01,  2.53773872e-01,
         1.97928611e-01, -1.47623022e-02, -3.79326095e-02,
        -6.09215502e-02,  6.56056175e-02,  1.47115790e-01,
        -4.73817993e-02, -6.77963431e-03,  1.64198616e+00,
         6.86514748e-02, -1.56296561e-01,  3.58142506e-01,
        -9.07685339e-02],
       [-8.66217693e-03, -6.46800716e-03,  1.48274905e-02,
         2.33404627e-02,  6.98112338e-03,  6.48108078e-02,
         4.12391969e-02,  1.01128835e-03, -2.91790306e-02,
        -7.15778176e-03, -7.87677267e-02, -5.49096518e-02,
        -4.73213159e-02, -1.18119719e-01, -8.33239717e-02,
         1.14731628e-02,  1.85369608e-01,  1.79903547e-01,
         1.62232406e-01, -7.82695794e-02, -5.02464750e-02,
         6.41054389e-02, -4.07877721e-02, -4.66357921e-01,
        -3.92930312e-02,  4.05901089e-02, -9.07685339e-02,
         2.65445753e-01]]) # Covariance of the observations

x0 = np.array([[0]])  # Initial state estimates

# Estimated via JAGS on 25/5/24 by @Dennis. Not reliable values.
H = np.array([[1.        ],
       [1.0126992 ],
       [0.84129555],
       [0.99535685],
       [0.93916897],
       [0.60246115],
       [0.86052318],
       [0.9657039 ],
       [0.95879906],
       [0.94442613],
       [0.93368155],
       [0.85850714],
       [0.78706752],
       [1.21790525],
       [1.18167953],
       [1.04962518],
       [0.78773809],
       [0.74805998],
       [0.78813436],
       [0.9318585 ],
       [1.12981953],
       [0.71054734],
       [0.81234791],
       [3.66227158],
       [0.97701404],
       [0.446401  ],
       [1.24848287],
       [0.75440559]])
